3999.97    13679.6
3998.89    13776.8
3997.81    13800.1
3996.73    13932.1
3995.65    14043.3
3994.57    13869.8
3993.49    13858.3
3992.41    14096.7
3991.33    14110.6
3990.25    13779.9
3989.17    14006.6
3988.09    14041.3
3987    13948.9
3985.92    14244.8
3984.84    14027.6
3983.76    14083.1
3982.68    14080.8
3981.59    14351.1
3980.51    14147.9
3979.43    14228.7
3978.35    14408.8
3977.26    14145.7
3976.18    14157.2
3975.1    14420.3
3974.01    14180.3
3972.93    14376.5
3971.85    14519.4
3970.76    14491.7
3969.68    14247.3
3968.59    14240.4
3967.51    14567.7
3966.42    14401.7
3965.34    14546.9
3964.25    14588.3
3963.17    14521.4
3962.08    14553.6
3961    14595
3959.91    14641
3958.83    14617.9
3957.74    14530.4
3956.65    14654.6
3955.57    14696
3954.48    14769.5
3953.39    14675.1
3952.31    14647.5
3951.22    14610.6
3950.13    14787.6
3949.04    14716.2
3947.96    14831.1
3946.87    15095.2
3945.78    14849.2
3944.69    14768.7
3943.6    14640
3942.51    14796.1
3941.43    15092.2
3940.34    14954.3
3939.25    14981.7
3938.16    15128.5
3937.07    14885.1
3935.98    15068.5
3934.89    14745
3933.8    15061.4
3932.71    15141.5
3931.62    15214.7
3930.53    15104.5
3929.44    15232.7
3928.35    15207.3
3927.25    15152.2
3926.16    15053.5
3925.07    15319
3923.98    15202.1
3922.89    15321
3921.8    15231.5
3920.7    15240.5
3919.61    15265.5
3918.52    15494.1
3917.43    15665.5
3916.33    15310.7
3915.24    15429.4
3914.15    15385.7
3913.05    15723.9
3911.96    15403.6
3910.87    15568
3909.77    15492.3
3908.68    15483
3907.58    15530.7
3906.49    15592.2
3905.4    15582.8
3904.3    15845.1
3903.21    15491
3902.11    15771.5
3901.02    15899.1
3899.92    15748.2
3898.82    15715.9
3897.73    15624.4
3896.63    15970.9
3895.54    15710.6
3894.44    15869.9
3893.34    16052
3892.25    15896.7
3891.15    15857.7
3890.05    15939.4
3888.95    16023.4
3887.86    16152.9
3886.76    15890.6
3885.66    16120.3
3884.56    16183.8
3883.47    16226.7
3882.37    16007.8
3881.27    16128.1
3880.17    16271.1
3879.07    16145.6
3877.97    15963.3
3876.87    16006.2
3875.77    16374.2
3874.67    16328.4
3873.57    16259.8
3872.47    16214
3871.37    16186.4
3870.27    16349.6
3869.17    16601.4
3868.07    16473.8
3866.97    16543.8
3865.87    16280
3864.77    16606.5
3863.67    16351.8
3862.57    16503.5
3861.46    16428.2
3860.36    16577.6
3859.26    16545.4
3858.16    16676.5
3857.06    16515.1
3855.95    16768.6
3854.85    16564.1
3853.75    16713.3
3852.64    16740
3851.54    16655.7
3850.44    16548.8
3849.33    16752.2
3848.23    16566.1
3847.13    16905.3
3846.02    16995.4
3844.92    16927
3843.81    16955.9
3842.71    17055
3841.6    16778.4
3840.5    16911.4
3839.39    16899.6
3838.29    16806.4
3837.18    16887.4
3836.07    16877.8
3834.97    16818.6
3833.86    17148.1
3832.76    16996.1
3831.65    16997.9
3830.54    16970.3
3829.44    16987.9
3828.33    17143.2
3827.22    17230.7
3826.11    17135.3
3825.01    17272.5
3823.9    17118.5
3822.79    17298.4
3821.68    17464.8
3820.57    17162
3819.46    17585.4
3818.36    17088.8
3817.25    17365.5
3816.14    17162.1
3815.03    17222.4
3813.92    17496.7
3812.81    17611
3811.7    17421.2
3810.59    17542.3
3809.48    17438.1
3808.37    17471.2
3807.26    17752
3806.15    17312.5
3805.04    17699
3803.93    17561.1
3802.81    17729.2
3801.7    17764.6
3800.59    17763.9
3799.48    17985.9
3798.37    17594
3797.25    17899.1
3796.14    17851.3
3795.03    17652.8
3793.92    17708.4
3792.8    17802.1
3791.69    17754.3
3790.58    17731.2
3789.46    18136.9
3788.35    17837.6
3787.24    18050.2
3786.12    18067.5
3785.01    18069
3783.89    18173.7
3782.78    18137.1
3781.66    18248.5
3780.55    17940.6
3779.43    18083.4
3778.32    18132
3777.2    18061.8
3776.09    18155.2
3774.97    18165.7
3773.86    18171.7
3772.74    18448.7
3771.62    18306.9
3770.51    18565.8
3769.39    18323.3
3768.27    18584.4
3767.16    18277
3766.04    18448.6
3764.92    18152.5
3763.8    18502.9
3762.69    18455.2
3761.57    18526
3760.45    18400
3759.33    18528.9
3758.21    18409.6
3757.09    18607.7
3755.98    18629.3
3754.86    18619.5
3753.74    18513.7
3752.62    18885.9
3751.5    18737.7
3750.38    18739.1
3749.26    18912.4
3748.14    18833.4
3747.02    18658.5
3745.9    18610.8
3744.78    18688.1
3743.65    19019.6
3742.53    19159.2
3741.41    18855.1
3740.29    19050.4
3739.17    18915.8
3738.05    18841.4
3736.93    19219.3
3735.8    18850.8
3734.68    19083.8
3733.56    18935.9
3732.44    19088.7
3731.31    18978.7
3730.19    18942.2
3729.07    19206.2
3727.94    19078.5
3726.82    19220
3725.69    19281.3
3724.57    19158.1
3723.45    19252.8
3722.32    19247.4
3721.2    19133.1
3720.07    19374.5
3718.95    19366.9
3717.82    19248.1
3716.7    19476
3715.57    19397.3
3714.45    19454.1
3713.32    19362.1
3712.19    19845.1
3711.07    19395.7
3709.94    19743.2
3708.81    19582.4
3707.69    19639.1
3706.56    19467.3
3705.43    19561.7
3704.31    19600.7
3703.18    19568.6
3702.05    19618.6
3700.92    19799.4
3699.79    19791.7
3698.67    19611.2
3697.54    19479.5
3696.41    19675.7
3695.28    19787.6
3694.15    19972.6
3693.02    19785.6
3691.89    20063.4
3690.76    19967.2
3689.63    19921.9
3688.5    19715.1
3687.37    19851.2
3686.24    19943
3685.11    20293.6
3683.98    20133.3
3682.85    19957.6
3681.72    20177.5
3680.59    20054.9
3679.46    20022.9
3678.33    20024
3677.19    20034
3676.06    19988.7
3674.93    20080.4
3673.8    20211.8
3672.66    20248.2
3671.53    20185.3
3670.4    20065
3669.27    20361.8
3668.13    20009.9
3667    20057.4
3665.86    20360.6
3664.73    20194.1
3663.6    20629.5
3662.46    20286.7
3661.33    20569.8
3660.19    20205.1
3659.06    20732.7
3657.92    20429.7
3656.79    20569.5
3655.65    20361.4
3654.52    20421.9
3653.38    20605.6
3652.25    20540.6
3651.11    20517.5
3649.97    20786.9
3648.84    20603.1
3647.7    20454.6
3646.56    20653.5
3645.43    20790.8
3644.29    20697.3
3643.15    20682.9
3642.01    21009.2
3640.88    20577.2
3639.74    21002.2
3638.6    20807.7
3637.46    20819.7
3636.32    20822.8
3635.18    21041.1
3634.05    20758.9
3632.91    21025.5
3631.77    20839.9
3630.63    20902.3
3629.49    20923
3628.35    21156.4
3627.21    21146.3
3626.07    21145.1
3624.93    21084.6
3623.79    21282.8
3622.65    21125.9
3621.51    21359
3620.36    21057.6
3619.22    21365.1
3618.08    21269.6
3616.94    21218
3615.8    21400.6
3614.66    21543.7
3613.51    21389.2
3612.37    21339.7
3611.23    21379.9
3610.09    21341.4
3608.94    21565.4
3607.8    21181.3
3606.66    21475.2
3605.51    21524.1
3604.37    21785.1
3603.22    21567.3
3602.08    21426.1
3600.94    21693.5
3599.79    21475.8
3598.65    21751.8
3597.5    21422.9
3596.36    21524.2
3595.21    21682.2
3594.07    21711.3
3592.92    21607.4
3591.77    21678
3590.63    21814
3589.48    21902.1
3588.34    22134
3587.19    21857.8
3586.04    21904.3
3584.9    21706.7
3583.75    21838.3
3582.6    22065.6
3581.45    21929.1
3580.31    21816.6
3579.16    22104.8
3578.01    22162.1
3576.86    21921.2
3575.71    22185.3
3574.56    22179.5
3573.41    22091
3572.27    22059
3571.12    21883.5
3569.97    21919.1
3568.82    22161.2
3567.67    22124.9
3566.52    22260.4
3565.37    22230.7
3564.22    21870.6
3563.07    22366.7
3561.92    22158.8
3560.76    22437.6
3559.61    22370.9
3558.46    22495.3
3557.31    22287.5
3556.16    22377.2
3555.01    22312.7
3553.85    22430.5
3552.7    22331.4
3551.55    22455.7
3550.4    22389.1
3549.24    22589.2
3548.09    22624.5
3546.94    22742.2
3545.78    22515.2
3544.63    22680.5
3543.48    22676.8
3542.32    22781.3
3541.17    22766.7
3540.01    22750
3538.86    22707.3
3537.71    22673.2
3536.55    22697.6
3535.4    22652.7
3534.24    22655.5
3533.08    22915.7
3531.93    22989.8
3530.77    22908.1
3529.62    23094.6
3528.46    23071.3
3527.3    23052.4
3526.15    23007.5
3524.99    22649.3
3523.83    22907
3522.68    23037.2
3521.52    23055
3520.36    23193.7
3519.2    23166.1
3518.04    23095.3
3516.89    23132.5
3515.73    23064
3514.57    23127
3513.41    23157.7
3512.25    23445.1
3511.09    23117.7
3509.93    23282.1
3508.77    23437.8
3507.61    23556.8
3506.45    23652
3505.29    23324.9
3504.13    23512.8
3502.97    23414.1
3501.81    23511.5
3500.65    23503.3
3499.49    23579
3498.33    23353.4
3497.17    23328
3496.01    23696.5
3494.84    23705.5
3493.68    23546.6
3492.52    23697.6
3491.36    23743.1
3490.19    23861.8
3489.03    23679.4
3487.87    23587.3
3486.71    23852.1
3485.54    23594.6
3484.38    23762.5
3483.21    23878.9
3482.05    23636.5
3480.89    23729.3
3479.72    23983
3478.56    24110
3477.39    23945
3476.23    23988.2
3475.06    24050.8
3473.9    23976
3472.73    23929.1
3471.57    24075.3
3470.4    24097
3469.23    23990.1
3468.07    24069.7
3466.9    24385.1
3465.73    24413.2
3464.57    24068.5
3463.4    24261.6
3462.23    24238.3
3461.07    24296.4
3459.9    24390.8
3458.73    24322.6
3457.56    24483.3
3456.39    24246
3455.23    24423.9
3454.06    24297.9
3452.89    24402.9
3451.72    24614.9
3450.55    24495.3
3449.38    24638.8
3448.21    24155.9
3447.04    24624.2
3445.87    24357.3
3444.7    24440.8
3443.53    24656.8
3442.36    24663.4
3441.19    24684.9
3440.02    24742.7
3438.85    24454.7
3437.68    24847.6
3436.5    24506.3
3435.33    24749.8
3434.16    24788.3
3432.99    24701
3431.82    24952.8
3430.64    24833.6
3429.47    24889.1
3428.3    25074.7
3427.13    24883
3425.95    25153.7
3424.78    25243.3
3423.61    24987.7
3422.43    25015.5
3421.26    25124.2
3420.08    25252.1
3418.91    25118
3417.73    25150
3416.56    25101.2
3415.38    25054.4
3414.21    25318.3
3413.03    25197.1
3411.86    25218.4
3410.68    25348.2
3409.51    25324.9
3408.33    25176.1
3407.15    25080.6
3405.98    25237.9
3404.8    25599.1
3403.62    25327.2
3402.45    25516.2
3401.27    25490.7
3400.09    25501.4
3398.91    25454.7
3397.73    25643.6
3396.56    25577.8
3395.38    25615.9
3394.2    25567.1
3393.02    25724.1
3391.84    25588.3
3390.66    25827.9
3389.48    25471.7
3388.3    25592.5
3387.12    25588.2
3385.94    25887
3384.76    25694.1
3383.58    26001.2
3382.4    25634.7
3381.22    26011.6
3380.04    26153.3
3378.86    25947.9
3377.68    25918.2
3376.5    26002.7
3375.32    25960.3
3374.13    25937
3372.95    25881.9
3371.77    25966.4
3370.59    26038.2
3369.4    25877.4
3368.22    26217.6
3367.04    26042.1
3365.86    25972.2
3364.67    25972.1
3363.49    26079.7
3362.3    25855.8
3361.12    26282.2
3359.94    25948.5
3358.75    26237.5
3357.57    26163.5
3356.38    26142.3
3355.2    26013.5
3354.01    25926.9
3352.83    26388.6
3351.64    26314.6
3350.45    26303.9
3349.27    26377.5
3348.08    26145.5
3346.9    26092.7
3345.71    26383.3
3344.52    26307.3
3343.34    26467.2
3342.15    26736.5
3340.96    26454.1
3339.77    26487.6
3338.59    26457.9
3337.4    26624
3336.21    26316.5
3335.02    26286.9
3333.83    26549.6
3332.64    26559.9
3331.45    26702.7
3330.26    26649.9
3329.08    26620.2
3327.89    26554.8
3326.7    26277.2
3325.51    26802.2
3324.32    26774.7
3323.13    26913
3321.93    26690.1
3320.74    26855.7
3319.55    27166.1
3318.36    26874
3317.17    26896.8
3315.98    26722.4
3314.79    26854.3
3313.59    27200
3312.4    26761.4
3311.21    27266.4
3310.02    27039.7
3308.82    27043.5
3307.63    27261.1
3306.44    26982.1
3305.25    26812.1
3304.05    26996.1
3302.86    27023
3301.66    27129.5
3300.47    27217.1
3299.28    27310.9
3298.08    27308.4
3296.89    27282.9
3295.69    27251.2
3294.5    27213.1
3293.3    27357.1
3292.1    27287.7
3290.91    27241.3
3289.71    27263.9
3288.52    27136.1
3287.32    27292.4
3286.12    27156.2
3284.93    27241.5
3283.73    27399.9
3282.53    27228.2
3281.34    27234.1
3280.14    27421.6
3278.94    27270.9
3277.74    27587.7
3276.54    27512.2
3275.35    27152.9
3274.15    27338.2
3272.95    27546.3
3271.75    27360.3
3270.55    27328.6
3269.35    27442.8
3268.15    27573.7
3266.95    27504.5
3265.75    27714.5
3264.55    27636.9
3263.35    27782.2
3262.15    27382
3260.95    27716.7
3259.75    27878.6
3258.55    27484.7
3257.35    27721.5
3256.14    27644.1
3254.94    27637.3
3253.74    27545.4
3252.54    27480.4
3251.34    27791.9
3250.13    27675
3248.93    27774.2
3247.73    27940
3246.52    27879.2
3245.32    27596.2
3244.12    27807.5
3242.91    27721.9
3241.71    27985.1
3240.5    27891.1
3239.3    28091.9
3238.1    27991.8
3236.89    27843.9
3235.69    27895.2
3234.48    27981.8
3233.27    27997.9
3232.07    27889.5
3230.86    27770.8
3229.66    27824.2
3228.45    28285.8
3227.24    27995.1
3226.04    28102.3
3224.83    27962.9
3223.62    27999.7
3222.42    28040.5
3221.21    27979.9
3220    27927.6
3218.79    28024.3
3217.59    28261.7
3216.38    28083.2
3215.17    28419.8
3213.96    28214.4
3212.75    28067
3211.54    28372.4
3210.33    28574.4
3209.12    28164.5
3207.91    28225.9
3206.7    28471.1
3205.49    28201.9
3204.28    28211.6
3203.07    28062.3
3201.86    28431.4
3200.65    28469.9
3199.44    28463.1
3198.23    28258.1
3197.02    28445.3
3195.81    28419.9
3194.59    28518.2
3193.38    28232.9
3192.17    28362.2
3190.96    28470.9
3189.74    28470.2
3188.53    28475.7
3187.32    28483.3
3186.1    28497
3184.89    28411.9
3183.68    28551.3
3182.46    28309.7
3181.25    28636.4
3180.03    28586.3
3178.82    28252.2
3177.6    28743.4
3176.39    28611
3175.17    28657.6
3173.96    28663.1
3172.74    28713.8
3171.53    28423.1
3170.31    28724.7
3169.1    28705.4
3167.88    28618.4
3166.66    28632.1
3165.45    28773.1
3164.23    28137.7
3163.01    28636.1
3161.79    28775
3160.58    28942.6
3159.36    28560
3158.14    28545
3156.92    28798.7
3155.7    28635.9
3154.48    28569.5
3153.27    28995.4
3152.05    29089
3150.83    28387
3149.61    28814.7
3148.39    28695.1
3147.17    28958.7
3145.95    28896.5
3144.73    28688.8
3143.51    28839.6
3142.29    28916.7
3141.07    28655.9
3139.84    28863.9
3138.62    29237.7
3137.4    28889
3136.18    29189
3134.96    28813.8
3133.74    28941.9
3132.51    28691.6
3131.29    28654
3130.07    28794.4
3128.84    28626
3127.62    29085.1
3126.4    28886.1
3125.17    28950.6
3123.95    28992.7
3122.73    29030.7
3121.5    29117.7
3120.28    28933.2
3119.05    28830.3
3117.83    28854
3116.6    28567.5
3115.38    28976.9
3114.15    29098.5
3112.93    29118
3111.7    28945.9
3110.47    28877.8
3109.25    29180.8
3108.02    29332.8
3106.79    29089.4
3105.57    29127.3
3104.34    28949.2
3103.11    28911.7
3101.89    29342.6
3100.66    29085.2
3099.43    28974.4
3098.2    29097.8
3096.97    29229.2
3095.74    29218.2
3094.52    29013.8
3093.29    29013
3092.06    29313.2
3090.83    29176
3089.6    29350
3088.37    29294.2
3087.14    29136.9
3085.91    29134
3084.68    29356.6
3083.45    29268.3
3082.22    29214.7
3080.99    29343.7
3079.75    29277.9
3078.52    29155.2
3077.29    29570.4
3076.06    29344.2
3074.83    29312.8
3073.59    29314
3072.36    29256.3
3071.13    29458.2
3069.9    29495.8
3068.66    29448.2
3067.43    29453.4
3066.2    29373.4
3064.96    29447.5
3063.73    29474.9
3062.49    29427.4
3061.26    29327.2
3060.02    29324.3
3058.79    29347.6
3057.56    29419.6
3056.32    29218.3
3055.08    29531
3053.85    29232.7
3052.61    29531.2
3051.38    29457.4
3050.14    29282.5
3048.9    29384.7
3047.67    29571.8
3046.43    29655.7
3045.19    29244.5
3043.96    29504.2
3042.72    29563.9
3041.48    29633.6
3040.24    29265.1
3039    29579.1
3037.77    29293.5
3036.53    29710.4
3035.29    29578.2
3034.05    29904.1
3032.81    29743.7
3031.57    29516.8
3030.33    29731.6
3029.09    29345.5
3027.85    29449.4
3026.61    29680.2
3025.37    29725.6
3024.13    29615.7
3022.89    29651
3021.65    29644
3020.41    29788
3019.16    29468.8
3017.92    29441.7
3016.68    29674.2
3015.44    29423.6
3014.2    29704.4
3012.95    29695.3
3011.71    29621.9
3010.47    29864.2
3009.22    29881.3
3007.98    29415.8
3006.74    29714.3
3005.49    29982.6
3004.25    29467.1
3003    29876
3001.76    29883
3000.52    29890
2999.27    29756.4
2998.03    29701.1
2996.78    29643.9
2995.53    29984.1
2994.29    29627.8
2993.04    29903.7
2991.8    30125.3
2990.55    29498.4
2989.3    29798.2
2988.06    29702.9
2986.81    29679.8
2985.56    29921.3
2984.31    29435.3
2983.07    29554.5
2981.82    29613.6
2980.57    29766.8
2979.32    30016.1
2978.07    30077
2976.83    29783.6
2975.58    30178.9
2974.33    30101.7
2973.08    30330.7
2971.83    29885.4
2970.58    30082.4
2969.33    29701.3
2968.08    30002.1
2966.83    30091
2965.58    30079.9
2964.33    30230.7
2963.07    30265.5
2961.82    29978.6
2960.57    30125.4
2959.32    30068.3
2958.07    30047.2
2956.82    30090
2955.56    30136.8
2954.31    30383.1
2953.06    30238.3
2951.81    30324.9
2950.55    30102.3
2949.3    29796
2948.05    30203.7
2946.79    30001.2
2945.54    30350.9
2944.28    30034.8
2943.03    30159.3
2941.77    30112.3
2940.52    30061.3
2939.26    29791.3
2938.01    29768.3
2936.75    29892.7
2935.5    30150.4
2934.24    30258.7
2932.98    30392.8
2931.73    30407.5
2930.47    30384.5
2929.21    30240
2927.96    30340.3
2926.7    30005.1
2925.44    30367.7
2924.19    30632.9
2922.93    30309.7
2921.67    30457.5
2920.41    30450.3
2919.15    30208.8
2917.89    30441.9
2916.63    30627.4
2915.38    30342.2
2914.12    30583.2
2912.86    30242.6
2911.6    30291
2910.34    30525.9
2909.08    30441.3
2907.82    30545.2
2906.55    30546
2905.29    30332.6
2904.03    30444.3
2902.77    30684.9
2901.51    30542.9
2900.25    30371.3
2898.99    30687
2897.72    30325.3
2896.46    30557.7
2895.2    30510.9
2893.94    30545.3
2892.67    30660.9
2891.41    30742.7
2890.15    30543.5
2888.88    30736.1
2887.62    30279.9
2886.35    30583.3
2885.09    30587.9
2883.82    30903
2882.56    30522.1
2881.29    30663.2
2880.03    30697.4
2878.76    30970.8
2877.5    30783.7
2876.23    30989.8
2874.97    30579.7
2873.7    30775.9
2872.43    30936.4
2871.17    30804.8
2869.9    30710.8
2868.63    30695.6
2867.37    30688.4
2866.1    30799.5
2864.83    30825.8
2863.56    30832.4
2862.29    30653.6
2861.02    30904.6
2859.76    30796.9
2858.49    30913.7
2857.22    30894.7
2855.95    30930.7
2854.68    30955
2853.41    31071.8
2852.14    31162.9
2850.87    31084.7
2849.6    30925.9
2848.33    30958
2847.06    30952.7
2845.79    31012.3
2844.51    31115.2
2843.24    31247.5
2841.97    31183.2
2840.7    31307.5
2839.43    30779.5
2838.15    31314.5
2836.88    31077.3
2835.61    31138.8
2834.34    31341.6
2833.06    31242
2831.79    31156.2
2830.52    31135.1
2829.24    31534.1
2827.97    31379.5
2826.69    31109.3
2825.42    31068.7
2824.14    31434
2822.87    31471.8
2821.59    31262.5
2820.32    31255.2
2819.04    31426.2
2817.77    31438.4
2816.49    31603.5
2815.21    31613.7
2813.94    31453.6
2812.66    31665.6
2811.38    31687.5
2810.11    31599.9
2808.83    31659.1
2807.55    31508.8
2806.27    31632.6
2805    31597.8
2803.72    31895.5
2802.44    31497
2801.16    31874.8
2799.88    31886.9
2798.6    31707.5
2797.32    31534
2796.04    31976
2794.76    31958.8
2793.48    31695.5
2792.2    32111.9
2790.92    31794
2789.64    31743.6
2788.36    32138.3
2787.08    31842
2785.8    31877.5
2784.52    31991
2783.23    31954.3
2781.95    31767.5
2780.67    32116.9
2779.39    31863.8
2778.1    32300.7
2776.82    32359.5
2775.54    32005.2
2774.26    32147.7
2772.97    32401.3
2771.69    32241.9
2770.4    32205.2
2769.12    32178.2
2767.83    32417.9
2766.55    32190.5
2765.27    32336.7
2763.98    32735.8
2762.69    32113.6
2761.41    32489.3
2760.12    32392.3
2758.84    32573.3
2757.55    32371.4
2756.26    32890.6
2754.98    32492.4
2753.69    32774.4
2752.4    32842.5
2751.12    32747.6
2749.83    32631.2
2748.54    32895.5
2747.25    32792.8
2745.97    32725
2744.68    32958.1
2743.39    32913.6
2742.1    32673.2
2740.81    32943
2739.52    32689.1
2738.23    33026.6
2736.94    32991.9
2735.65    33180
2734.36    33205.3
2733.07    32982.6
2731.78    33110.6
2730.49    33263.7
2729.2    33372.2
2727.91    33070.2
2726.61    33380.1
2725.32    33416.9
2724.03    33459.5
2722.74    33126.8
2721.45    33465.4
2720.15    33206.3
2718.86    33566
2717.57    33649.2
2716.27    33691.7
2714.98    33883
2713.69    33564.2
2712.39    33658.8
2711.1    33649.2
2709.8    33884.8
2708.51    33608.6
2707.21    33778.5
2705.92    33954.1
2704.62    33631.8
2703.33    33950.1
2702.03    33813.1
2700.74    33977
2699.44    33824.6
2698.14    33992.3
2696.85    34123.3
2695.55    34071.2
2694.25    33851.4
2692.96    34061.4
2691.66    34109.4
2690.36    34047.7
2689.06    34247.9
2687.76    34099.5
2686.47    34399.7
2685.17    34212.8
2683.87    34226.2
2682.57    34341.5
2681.27    34724.2
2679.97    34662.4
2678.67    34793
2677.37    34385.1
2676.07    34619.5
2674.77    34507.8
2673.47    34640.2
2672.17    34543.9
2670.87    34839.6
2669.57    34397.5
2668.26    34927.5
2666.96    34911.8
2665.66    34823.2
2664.36    34801.9
2663.05    35031.9
2661.75    34949.1
2660.45    35307.6
2659.15    34509.2
2657.84    34819.8
2656.54    35218.4
2655.23    35183.5
2653.93    35213.9
2652.63    35476.1
2651.32    35121.2
2650.02    35442.8
2648.71    35342.8
2647.41    35191.1
2646.1    35112.2
2644.8    35240.2
2643.49    35354.7
2642.18    35457.7
2640.88    35581.7
2639.57    35864.5
2638.26    35580.9
2636.96    35844.4
2635.65    35834.4
2634.34    36042.3
2633.03    35850.7
2631.73    35815.8
2630.42    35694.9
2629.11    35920
2627.8    36129.6
2626.49    36037.4
2625.18    35769.5
2623.87    36053.6
2622.56    36142.8
2621.25    36123.2
2619.94    35910.8
2618.63    36244.2
2617.32    36058.6
2616.01    36231.7
2614.7    36223.5
2613.39    36686.3
2612.08    36289.1
2610.77    36509.7
2609.46    36566.2
2608.14    36573.2
2606.83    36772.7
2605.52    36817.7
2604.21    36940.8
2602.89    36479.4
2601.58    36745.3
2600.27    36638
2598.95    36667.8
2597.64    37047.7
2596.33    36885.3
2595.01    36717.2
2593.7    36718.5
2592.38    37027.8
2591.07    36768.5
2589.75    37459.7
2588.44    36913.5
2587.12    37040.1
2585.81    37145.8
2584.49    37276.1
2583.17    37273.4
2581.86    37494.8
2580.54    37205.4
2579.22    37311
2577.91    37511.4
2576.59    37451.7
2575.27    37540.1
2573.95    37605.7
2572.63    37502.4
2571.32    37787.9
2570    37993.7
2568.68    37752.1
2567.36    37578.7
2566.04    37919
2564.72    37821.4
2563.4    37741
2562.08    37912.5
2560.76    37981.6
2559.44    38052.7
2558.12    38002.5
2556.8    38141.7
2555.48    37817.1
2554.16    38251.4
2552.83    38025.3
2551.51    38572.9
2550.19    38343
2548.87    38222.9
2547.54    38331.6
2546.22    38582
2544.9    38331.5
2543.58    38409.8
2542.25    38826.3
2540.93    38572.1
2539.6    38903.5
2538.28    38768.3
2536.96    38752.1
2535.63    38934.1
2534.31    38933
2532.98    38765.9
2531.66    38764.8
2530.33    39229.6
2529.01    39224.6
2527.68    39012.3
2526.35    39020.6
2525.03    39198.5
2523.7    39203
2522.37    38823.1
2521.05    39325
2519.72    39448.1
2518.39    39492.1
2517.06    39135
2515.73    39348.4
2514.41    38985.9
2513.08    39479.6
2511.75    39672.2
2510.42    39744.3
2509.09    39502.3
2507.76    39384.5
2506.43    39484.8
2505.1    39925.3
2503.77    39649.6
2502.44    39789.2
2501.11    39511.8
2499.78    39967
2498.45    40110.3
2497.12    39954.9
2495.79    40092.5
2494.45    40034.9
2493.12    40119.9
2491.79    40176.7
2490.46    40325.4
2489.12    40447.8
2487.79    40165.1
2486.46    40465.6
2485.13    40441.7
2483.79    40333.4
2482.46    40491.3
2481.12    40598.5
2479.79    40273
2478.45    40796.1
2477.12    40403.1
2475.79    40793.1
2474.45    40885.2
2473.11    40645.9
2471.78    40661.3
2470.44    40787.1
2469.11    40957.7
2467.77    40901.9
2466.43    40900.4
2465.1    41054.1
2463.76    41032
2462.42    41101.4
2461.08    41292.4
2459.75    41358.1
2458.41    41203.2
2457.07    41442.6
2455.73    41136.6
2454.39    41402
2453.05    41297.7
2451.71    41632.1
2450.38    41761.1
2449.04    41184.6
2447.7    41647.6
2446.36    41632.9
2445.02    41838.2
2443.67    41573.6
2442.33    41797.5
2440.99    41930
2439.65    41863.1
2438.31    41827.8
2436.97    41973.3
2435.63    42321.7
2434.28    41858
2432.94    42437.3
2431.6    41774.5
2430.26    41966.4
2428.91    42357.3
2427.57    42080.1
2426.22    42152.8
2424.88    42195.6
2423.54    42437.5
2422.19    42636.5
2420.85    42588.1
2419.5    42355.7
2418.16    42562
2416.81    42723.7
2415.47    42792.4
2414.12    42599.2
2412.77    42731
2411.43    42946.4
2410.08    42675.2
2408.74    42834.8
2407.39    42721.5
2406.04    42697.3
2404.69    43131.4
2403.35    42788.1
2402    42810.3
2400.65    43129.2
2399.3    43312.6
2397.95    43227.2
2396.6    43038
2395.26    43191.7
2393.91    43356.4
2392.56    43361.8
2391.21    43428.3
2389.86    43474.4
2388.51    43583.4
2387.16    43431.4
2385.8    43873.5
2384.45    43301.4
2383.1    43354.9
2381.75    43852.3
2380.4    43437.7
2379.05    43861
2377.7    43844
2376.34    43817.9
2374.99    43773.2
2373.64    43863.5
2372.28    43735.7
2370.93    44008.8
2369.58    44281.8
2368.22    44303.6
2366.87    44373.4
2365.51    44171.8
2364.16    44420.6
2362.81    44331.6
2361.45    44403.1
2360.1    44570.6
2358.74    44418.9
2357.38    44621.3
2356.03    44537.9
2354.67    44539.3
2353.32    44723.2
2351.96    45093.1
2350.6    44897.3
2349.24    44535.7
2347.89    44481.8
2346.53    44560.6
2345.17    44852.9
2343.81    44708.8
2342.46    44988
2341.1    44936
2339.74    45277.6
2338.38    44839.3
2337.02    45103.6
2335.66    44941.2
2334.3    44942.5
2332.94    45089
2331.58    45049.8
2330.22    45056.6
2328.86    45355.5
2327.5    45740.7
2326.14    45675.7
2324.77    45555.6
2323.41    45690.8
2322.05    45413
2320.69    45564.7
2319.33    45604.4
2317.96    45754.1
2316.6    45645.2
2315.24    45943.4
2313.87    45792.3
2312.51    45912.6
2311.15    45794.6
2309.78    45874.5
2308.42    45947
2307.05    45783.2
2305.69    45987.7
2304.32    46433.8
2302.96    45953.2
2301.59    46210.6
2300.23    46275.6
2298.86    46457.8
2297.5    46292.3
2296.13    46196.3
2294.76    46213.8
2293.39    46191
2292.03    46226.8
2290.66    46417.9
2289.29    46115.5
2287.92    46456.4
2286.56    46532.3
2285.19    46509.5
2283.82    46484.9
2282.45    46960.6
2281.08    46592.6
2279.71    46622.8
2278.34    46609.1
2276.97    46945.8
2275.6    46733.2
2274.23    46876.4
2272.86    46849.9
2271.49    47040.4
2270.12    47095.9
2268.75    46701.1
2267.38    47301.7
2266    47129.3
2264.63    46738.4
2263.26    47063.5
2261.89    46958.7
2260.51    47216.3
2259.14    47486.6
2257.77    47347.1
2256.4    47531.7
2255.02    47501.5
2253.65    47380.3
2252.27    47723
2250.9    47449.1
2249.52    47595.3
2248.15    47745.1
2246.77    47534.9
2245.4    47688.2
2244.02    47358.2
2242.65    47629.6
2241.27    47497.7
2239.89    47670.9
2238.52    47549.9
2237.14    48024.5
2235.76    47640.3
2234.39    47922.2
2233.01    47893.8
2231.63    47925.3
2230.25    47965.8
2228.87    48254.8
2227.5    48204.6
2226.12    48134.4
2224.74    48270.9
2223.36    48117.4
2221.98    48427.8
2220.6    48205.5
2219.22    48329.2
2217.84    48262.7
2216.46    48429.8
2215.08    48644
2213.7    48669.8
2212.31    48398.7
2210.93    48487.9
2209.55    48461.2
2208.17    48476.2
2206.79    48243.4
2205.4    48690.5
2204.02    48884.4
2202.64    48801.6
2201.26    48568.9
2199.87    48838.6
2198.49    48549.9
2197.1    48908
2195.72    48754.9
2194.34    48712
2192.95    49019.3
2191.57    49182.1
2190.18    48819.7
2188.8    49321.7
2187.41    49177.7
2186.02    49295.2
2184.64    49261.3
2183.25    49180.4
2181.86    49352
2180.48    49491.1
2179.09    49228.2
2177.7    48871.7
2176.32    49396.3
2174.93    49486.6
2173.54    49258.2
2172.15    49154
2170.76    49337.9
2169.37    49386.8
2167.98    49743.4
2166.59    49331.5
2165.21    49706
2163.82    49668.4
2162.43    49663.2
2161.03    49442.2
2159.64    49379.5
2158.25    50043
2156.86    49710.7
2155.47    49694.7
2154.08    49714.6
2152.69    49842.3
2151.3    49738.3
2149.9    49523
2148.51    50072.5
2147.12    50043.9
2145.72    50063.7
2144.33    50060.2
2142.94    49970.6
2141.54    49622.8
2140.15    50071.3
2138.76    50202.2
2137.36    50663
2135.97    50110.9
2134.57    50207.8
2133.18    50069.9
2131.78    50508.8
2130.38    50442.6
2128.99    50200.8
2127.59    50336.9
2126.2    50591.1
2124.8    50236.7
2123.4    50285.1
2122    50396
2120.61    50566
2119.21    50585.6
2117.81    50315.5
2116.41    50549.8
2115.01    50910.8
2113.62    50751.6
2112.22    51003.5
2110.82    50767.6
2109.42    50560.3
2108.02    50754.9
2106.62    51395.9
2105.22    50738.6
2103.82    50881.3
2102.42    50852.7
2101.02    50781.2
2099.61    50904.2
2098.21    51185.9
2096.81    51085.8
2095.41    50884.2
2094.01    51081.9
2092.6    50825.1
2091.2    50937.2
2089.8    50999.5
2088.4    51234.5
2086.99    51526.4
2085.59    50901
2084.18    51346
2082.78    51563
2081.38    51327.8
2079.97    51774.2
2078.57    51387.8
2077.16    51602.8
2075.75    50846.6
2074.35    51211
2072.94    51598.4
2071.54    51831
2070.13    51407.6
2068.72    51503.3
2067.32    51344.9
2065.91    51566.7
2064.5    52097.5
2063.09    51635.3
2061.69    51821.5
2060.28    51466.1
2058.87    51964.5
2057.46    51756.5
2056.05    52008.1
2054.64    52020.1
2053.23    51569.2
2051.82    51712.5
2050.41    51786.7
2049    51991.9
2047.59    51720.4
2046.18    51822.8
2044.77    51960.6
2043.36    51931.9
2041.95    51995.2
2040.54    52380.8
2039.12    52428.2
2037.71    52132
2036.3    52428.9
2034.89    52233.8
2033.47    52325.3
2032.06    52133.8
2030.65    52527.7
2029.23    52732.3
2027.82    52127.1
2026.4    52513.8
2024.99    52458.4
2023.57    52537.4
2022.16    52763
2020.74    52654.7
2019.33    52604.7
2017.91    52651.8
2016.5    52427
2015.08    52698.3
2013.66    52685.4
2012.25    52429
2010.83    52461.9
2009.41    52632.5
2008    52483.8
2006.58    52664.8
2005.16    52643.1
2003.74    52612.5
2002.32    52721.2
2000.9    52782.3
1999.48    52846.8
1998.07    52995.9
1996.65    52843.8
1995.23    52910.1
1993.81    52856.6
1992.39    52965.1
1990.96    52767.3
1989.54    53123.9
1988.12    52839.9
1986.7    53006.4
1985.28    53362.7
1983.86    53367.2
1982.44    53134.4
1981.01    53239.2
1979.59    53115.4
1978.17    52951.3
1976.74    52999.8
1975.32    53166
1973.9    52896.6
1972.47    53213.7
1971.05    53265.6
1969.62    53252.5
1968.2    53239.5
1966.77    53721.2
1965.35    53290.6
1963.92    53486.3
1962.5    53425.9
1961.07    53653
1959.65    53696
1958.22    53516.4
1956.79    53189.6
1955.37    53432.4
1953.94    53468.4
1952.51    53749.5
1951.08    53731.1
1949.66    53485.2
1948.23    53176.3
1946.8    53721.5
1945.37    53473.9
1943.94    53466.1
1942.51    53610.4
1941.08    53826.4
1939.65    53760.8
1938.22    53744.2
1936.79    53804.5
1935.36    53578.2
1933.93    53711.8
1932.5    54086.5
1931.07    53699.6
1929.64    53669
1928.2    53980.6
1926.77    53883.7
1925.34    54011.9
1923.91    54028.4
1922.47    54149.6
1921.04    53888.6
1919.61    54006.3
1918.17    54164
1916.74    54091.5
1915.31    53998.2
1913.87    53840.3
1912.44    54041.5
1911    54233.9
1909.57    54011.7
1908.13    54357.3
1906.7    54084.6
1905.26    53815.5
1903.82    53959
1902.39    54238.2
1900.95    54150.2
1899.51    54203.1
1898.08    54062.9
1896.64    54319.3
1895.2    54278.2
1893.76    54445.8
1892.32    54109.2
1890.89    54356.7
1889.45    54284.4
1888.01    54182.6
1886.57    54301.4
1885.13    54338.5
1883.69    54519.8
1882.25    54447.5
1880.81    54593.9
1879.37    54282.1
1877.93    54333.1
1876.49    54724.1
1875.05    54918.9
1873.6    54811.9
1872.16    54514.2
1870.72    54700.3
1869.28    54635
1867.83    54533.4
1866.39    54424.8
1864.95    54780.5
1863.5    55129.2
1862.06    54923.6
1860.62    54503.4
1859.17    54656.3
1857.73    54990.9
1856.28    54830.4
1854.84    54696
1853.39    54471.7
1851.95    54774.9
1850.5    54714.9
1849.06    55011.1
1847.61    54964.9
1846.16    55352.5
1844.72    55029.7
1843.27    54945.6
1841.82    54928.8
1840.37    54882.6
1838.93    54743.2
1837.48    55025.1
1836.03    54820.2
1834.58    54929.4
1833.13    55209.3
1831.68    55126.9
1830.23    55035.9
1828.78    55214
1827.33    54850.6
1825.88    54852.8
1824.43    54992.8
1822.98    55093.2
1821.53    55054
1820.08    55202.6
1818.63    55125.4
1817.18    55041.5
1815.72    55264
1814.27    55754.9
1812.82    55362.8
1811.37    55289.1
1809.91    55046.9
1808.46    55279.5
1807.01    55334.9
1805.55    55168.5
1804.1    55273.7
1802.64    55378.9
1801.19    55612.9
1799.73    55578.8
1798.28    55507
1796.82    55144.8
1795.37    55670.7
1793.91    55404.8
1792.45    55801.7
1791    55680
1789.54    55268.4
1788.08    55428.3
1786.63    55454.3
1785.17    55684.4
1783.71    55528.6
1782.25    55552.9
1780.8    55776
1779.34    55555.1
1777.88    55730.1
1776.42    55817.7
1774.96    55598.7
1773.5    55881.5
1772.04    55484.4
1770.58    55472.7
1769.12    55859.8
1767.66    55437.2
1766.2    55394.7
1764.74    55653.3
1763.27    55586.8
1761.81    55717
1760.35    55918.9
1758.89    55505.4
1757.43    55775.6
1755.96    55979.2
1754.5    55700.8
1753.04    55639.5
1751.57    55694.3
1750.11    55376.9
1748.64    55354.9
1747.18    56241.1
1745.72    55882.7
1744.25    55770.2
1742.78    55702.1
1741.32    55501
1739.85    55639.4
1738.39    55818.6
1736.92    55799.9
1735.45    55992.7
1733.99    55648.5
1732.52    55912.8
1731.05    56004.9
1729.59    55976
1728.12    56003.4
1726.65    56010.2
1725.18    56039.3
1723.71    55656.3
1722.24    55833.5
1720.77    55962.9
1719.3    55758.8
1717.83    55973.2
1716.36    55786.2
1714.89    56078.8
1713.42    55818.7
1711.95    55990.5
1710.48    55790
1709.01    56240.3
1707.54    56077.2
1706.07    56180.9
1704.6    56019.6
1703.12    56131.6
1701.65    55793.8
1700.18    55766.8
1698.7    56489.7
1697.23    55843.2
1695.76    56038.4
1694.28    55948.5
1692.81    55650.1
1691.33    56324.9
1689.86    56013
1688.38    55840.1
1686.91    55591.1
1685.43    56355.2
1683.96    56414.4
1682.48    55669.2
1681    56368.6
1679.53    56065.5
1678.05    56221.2
1676.57    55879.3
1675.1    56018
1673.62    56222.7
1672.14    56222.6
1670.66    56308.8
1669.18    55815
1667.7    56246.1
1666.22    56545.2
1664.75    56012.8
1663.27    56208.7
1661.79    56338.7
1660.31    56286.3
1658.83    56281.1
1657.34    56348.5
1655.86    56493.6
1654.38    56204.9
1652.9    56321.2
1651.42    56888
1649.94    56434
1648.45    56880.8
1646.97    56659.7
1645.49    56814.6
1644.01    56826.2
1642.52    56593.4
1641.04    56626.9
1639.55    56882.8
1638.07    57081.3
1636.59    57092.8
1635.1    57452.8
1633.62    57117.5
1632.13    57501
1630.65    57403
1629.16    57436.3
1627.67    57843
1626.19    57883
1624.7    57939.7
1623.21    58041.8
1621.73    57957.3
1620.24    58111.4
1618.75    58265.5
1617.26    57650.1
1615.77    58400.5
1614.29    58210.2
1612.8    58078.7
1611.31    58128.6
1609.82    58312.7
1608.33    58013.4
1606.84    58232.7
1605.35    58713.7
1603.86    58484.9
1602.37    57897.4
1600.88    58371.4
1599.39    58370.8
1597.89    58318.3
1596.4    58388.1
1594.91    58382.5
1593.42    58648.2
1591.92    58471.7
1590.43    58291.9
1588.94    58058.6
1587.45    58171.9
1585.95    58382.2
1584.46    58316.4
1582.96    58332.5
1581.47    58071
1579.97    58031.9
1578.48    58123.4
1576.98    57940.6
1575.49    57909.9
1573.99    57749
1572.5    57761.8
1571    57402.1
1569.5    57789.2
1568.01    57317.7
1566.51    57511
1565.01    57270.1
1563.51    57306.4
1562.01    57501.2
1560.52    57252.1
1559.02    56883
1557.52    57071.1
1556.02    57047.3
1554.52    57126.9
1553.02    57138.1
1551.52    56827.7
1550.02    56700.7
1548.52    57016.9
1547.02    56749.9
1545.52    56739.6
1544.02    56647.6
1542.51    56440.8
1541.01    56280.7
1539.51    56438.5
1538.01    56273.4
1536.5    56294.8
1535    56479.1
1533.5    56407.2
1531.99    56042.8
1530.49    56037.5
1528.99    56685.4
1527.48    56266.3
1525.98    55654.5
1524.47    56499.9
1522.97    56182.3
1521.46    56120.5
1519.96    56191.6
1518.45    55842.7
1516.94    55784.3
1515.44    55682.9
1513.93    55883.4
1512.42    55624.3
1510.92    55741.9
1509.41    55987
1507.9    56082.9
1506.39    56006.3
1504.88    55734.2
1503.37    55891.4
1501.87    55556.4
1500.36    56051.4
1498.85    55609
1497.34    55767.7
1495.83    55495.9
1494.32    55646.3
1492.81    55859.5
1491.29    55458.8
1489.78    55408.9
1488.27    55686.5
1486.76    55704.5
1485.25    55540.5
1483.73    55834.5
1482.22    55444.1
1480.71    55663.6
1479.2    55491.5
1477.68    55668
1476.17    55750.3
1474.65    55512.2
1473.14    55500.4
1471.63    55165
1470.11    55286.9
1468.6    55111.8
1467.08    55514.1
1465.56    55103.1
1464.05    55116.1
1462.53    55162.1
1461.02    54990.4
1459.5    55225.9
1457.98    55219.1
1456.46    55507.1
1454.95    55022.5
1453.43    55063.5
1451.91    54984.2
1450.39    55105.8
1445.83    55424.3
1444.31    55095
1442.79    54918.8
1441.27    55009
1439.75    54875.6
1438.23    55011.8
1436.71    55088.8
1435.19    54876.6
1433.67    54953.6
1432.15    54560.7
1430.62    55247.1
1429.1    54509.5
1427.58    54962.5
1426.06    54722.5
1423.01    54666.3
1421.49    55058.2
1419.96    54802.1
1418.44    54887.1
1416.91    54680.3
1415.39    55004.6
1413.86    54753.6
1412.34    54776.3
1410.81    55097.2
1409.29    54594
1407.76    54826.3
1406.23    54832.6
1404.71    54784.9
1403.18    55112
1401.65    54859.6
1400.12    54695.7
1398.59    54823.1
1397.07    54867
1395.54    54609.9
1394.01    54611.3
1392.48    54905.4
1390.95    54965.5
1389.42    54939.1
1387.89    54621.8
1386.36    55065.9
1384.83    54890.8
1383.3    54928
1381.77    54756.3
1380.24    54961.7
1378.7    55064.2
1377.17    55143.8
1375.64    55189.1
1374.11    55162.6
1372.57    55093.7
1366.44    55129.7
1364.91    55096.8
1363.37    55322.8
1361.84    55547.2
1360.3    55571.2
1358.77    55464.8
1357.23    55733
1355.69    55503
1354.16    55344.7
1352.62    55612.7
1351.09    55743.9
1349.55    55281.5
1348.01    55520.1
1346.47    55513.1
1344.94    55117.6
1343.4    55479.6
1341.86    55050.2
1340.32    54940.9
1338.78    54929.1
1337.24    54745.2
1335.7    54884.5
1334.16    54411.7
1332.62    54661.4
1331.08    54513.3
1329.54    54407.5
1328    54236.9
1326.46    54050.1
1324.92    54400.1
1323.37    54036.6
1321.83    54008.8
1320.29    54040.9
1318.75    53862.4
1317.2    53428
1315.66    53748.6
1314.12    53280.3
1312.57    53673.7
1311.03    53424.1
1309.48    53401.3
1307.94    53239.3
1306.39    52897.8
1304.85    53017.4
1303.3    52905.7
1301.76    53196.7
1300.21    52402.7
1298.66    52755.1
1297.12    52714.7
1295.57    52795.4
1294.02    52653.2
1292.48    52564.3
1290.93    52460.9
1289.38    52491.5
1287.83    52393
1286.28    52533.5
1284.73    52459.2
1283.18    52386.6
1281.63    52323.6
1280.08    52283.3
1278.53    52354.2
1276.98    52164
1275.43    52218.8
1273.88    52360.6
1272.33    52044.8
1270.78    51817.6
1269.23    51846.7
1267.68    51750.1
1266.12    51822.6
1264.57    51349.4
1263.02    51515.3
1261.46    51341.6
1259.91    51090.7
1258.36    51374.1
1256.8    51060.5
1255.25    51379.2
1253.69    50978.9
1252.14    51117.4
1250.58    51040.4
1249.03    51103.2
1247.47    51154.8
1245.91    51060.2
1244.36    50674.9
1242.8    50761.9
1241.24    50800.6
1239.69    51237.4
1238.13    50257
1236.57    50756.3
1235.01    50626.6
1233.45    50520.9
1231.89    50580.5
1230.34    50858.2
1228.78    50393.4
1227.22    50263.9
1225.66    50302.6
1224.1    50085
1222.54    50141.4
1220.97    50404.3
1219.41    50278.1
1217.85    49935.7
1216.29    49988.9
1214.73    49560.3
1213.17    49679.1
1211.6    49861.9
1210.04    49918.2
1208.48    49763.4
1206.91    49613.4
1205.35    49567.4
1203.79    49751.6
1202.22    49585.8
1200.66    49600.5
1199.09    49346.9
1197.53    49567.7
1195.96    49521.8
1194.4    49479.1
1192.83    49696.5
1191.26    49494.2
1189.7    49216.9
1188.13    49270
1186.56    49504.9
1184.99    49250.1
1183.43    49335
1181.86    49112.2
1180.29    49162
1178.72    49527.4
1177.15    49363.6
1175.58    49711.3
1174.01    49581
1172.44    49258
1170.87    49229.8
1169.3    49513.5
1167.73    49364.2
1166.16    49391.7
1164.59    49508.1
1163.02    49478.3
1161.45    49329.1
1159.87    49175.2
1158.3    49204.2
1156.73    49490.7
1153.58    49357.9
1152.01    49018.2
1150.43    49214
1148.86    49058.7
1147.29    48735.2
1145.71    48762.7
1144.13    48752
1142.56    48760.4
1140.98    48527.6
1139.41    48125.1
1137.83    48054.3
1136.25    48422.8
1134.68    48134.7
1133.1    48013.2
1131.52    47731.7
1129.95    47884.4
1128.37    47642.6
1126.79    47240.9
1125.21    47878.2
1122.05    48319.4
1120.47    48122
1118.89    48287.1
1117.31    47868.4
1115.73    47927.4
1114.15    48117.8
1112.57    47531.7
1110.99    47402.6
1109.41    46654.1
1107.82    46876.1
1106.24    46537.1
1104.66    46247.2
1103.08    46412.3
1101.49    46218.9
1099.91    46385.5
1098.33    46282.1
1096.74    46257.7
1095.16    46085
1093.57    46246.8
1091.99    46233.4
1090.4    46145.9
1088.82    46194
1087.23    46429.8
1085.65    46036.5
1084.06    46191.8
1082.47    46232
1080.89    46401.4
1079.3    45939.1
1077.71    46195.1
1076.12    46033.7
1074.54    46014.1
1072.95    46304.5
1071.36    46061.4
1069.77    46288.8
1068.18    46014.3
1066.59    45978.9
1065    45802.1
1063.41    45887.9
1061.82    46163.8
1060.23    45822
1058.64    46077.4
1057.05    45773.4
1055.45    45556
1053.86    45892.9
1052.27    45305
1050.68    45776.8
1049.09    45456
1047.49    45469.4
1045.9    45101.6
1044.3    45626.5
1042.71    45227.5
1041.12    45109.2
1039.52    45138.4
1037.93    44724
1036.33    45301.7
1034.74    45222.7
1033.14    44794.4
1031.54    44640.4
1029.95    44605.4
1028.35    44741.1
1026.75    44746.8
1025.16    44655.5
1023.56    44618.9
1021.96    44940.7
1020.36    44802.4
1018.76    44576.6
1017.16    44440.1
1015.56    44428.6
1013.97    44690.7
1012.37    44565.1
1010.77    44881.7
1009.17    44546.8
1007.56    44955.5
1005.96    44748.7
1004.36    44646.7
1002.76    44440.1
1001.16    44870.3
999.556    44563.8
997.954    44480.6
996.351    44763.9
994.748    44395.3
993.145    44751.8
991.541    44386.4
989.937    44452.9
988.333    44577
986.728    44481.4
985.123    44558.7
983.518    44617.3
981.912    45021.6
980.307    44717.3
978.7    44922.2
977.094    44895
975.487    44659.4
973.88    44814.4
972.273    44966.2
970.665    44668.5
969.057    44657
967.449    44729.4
965.841    44738.1
964.232    44523
962.623    45223.1
961.013    44955.2
959.404    44724.7
957.793    44947.6
956.183    44937.6
954.573    44985.1
952.962    44861.8
951.35    44740.1
949.739    44678.9
948.127    45005.5
946.515    44690
944.902    45061.5
943.29    45004.9
941.676    44663.3
940.063    44678.1
938.449    45187.1
936.835    44735.6
935.221    44756.6
933.607    44646
931.992    44871.4
930.376    44712.8
928.761    44651.8
927.145    44816.7
925.529    44698.4
923.913    44775
922.296    44898
920.679    45223.5
919.062    45173.3
917.444    44747.5
915.826    44799.3
914.208    44835.7
912.589    44751.6
910.97    44783.3
909.351    44804.2
907.732    45079.8
906.112    44674.6
904.492    44501.1
902.871    45004.9
901.251    44883.8
899.63    44679.5
898.009    44751.3
896.387    44795.2
894.765    44628
893.143    44947.9
891.52    44491
889.897    44453.4
888.274    44217
886.651    44314.9
885.027    44263.5
883.403    44255.1
881.779    44440.7
880.154    44286.1
878.529    43859.3
876.904    43920.2
875.278    43824.3
873.652    43948.2
872.026    43866.2
870.4    44096.1
868.773    43841.9
867.146    43792.2
865.518    43439.8
863.891    43820.2
862.263    43616.9
860.634    43452
859.006    42931.1
857.377    43234.6
855.747    43192.6
854.118    43399.3
852.488    43153.3
850.858    42849.2
849.227    42445.5
847.596    42932.6
845.965    42477
844.334    42344.8
842.702    42153
841.07    42164.9
839.438    42016
837.805    42291.4
836.172    42395.1
834.539    42016.7
832.905    42102.1
831.271    42143.1
829.637    42012.7
828.003    41856.4
826.368    41876
824.733    41791.7
823.097    41789.9
821.461    41658.2
819.825    41442.5
818.189    41268.1
816.552    41411.5
814.915    41043.3
813.278    40695
811.64    40740.7
810.002    40501
808.364    40188.1
806.726    39968.4
805.087    39693.9
803.448    39468.3
801.808    39401.4
800.168    39172.8
798.528    38915.4
796.888    38665.7
795.247    38757.5
793.606    38183.4
791.965    38081.7
790.323    37995.3
788.681    37901.3
787.039    37539.5
785.396    37485.2
783.753    37363.9
782.11    37323.4
780.467    36954.3
778.823    36784.5
777.179    36710.6
775.534    36534.9
773.89    36822.9
772.244    36384.3
770.599    36278.6
768.953    36180.6
767.307    36286.1
765.661    36311.2
764.014    36182.8
762.367    36247.3
760.72    36079.5
759.073    36063.6
757.425    35883.8
755.776    35883
754.128    35477.4
752.479    35397.9
750.83    35639.8
749.181    35460.2
747.531    35620.2
745.881    35166.5
744.23    35084
742.58    35063.7
740.929    34904.2
739.277    34868.8
737.626    34943.9
735.974    34669.4
734.321    34623.4
732.669    34704.6
731.016    34439.4
729.363    34484.2
727.709    34164.7
726.055    33988.9
724.401    34012.7
722.747    33764.5
721.092    33696.1
719.437    33630.8
717.781    33258.9
716.126    33343.2
714.47    33400.2
712.813    33224.8
711.156    33037.4
709.499    32838
707.842    32842.4
706.185    32554.1
704.527    32662.5
702.868    32448.2
701.21    32592.8
699.551    32577.5
697.892    32624.1
696.232    32408.5
694.572    32504.7
692.912    32236.5
691.252    32058.7
689.591    32195.6
687.93    31983.3
686.268    32233
684.607    32114
682.945    32350.1
681.282    32124.4
679.62    32247.5
677.957    32321.1
676.293    32370.5
674.63    32009.7
672.966    32226
671.301    32212.3
669.637    32227.2
667.972    32248.1
666.307    32249.5
664.641    32100.7
662.975    32246.2
661.309    32106.5
659.643    32212.9
657.976    32055.2
656.309    32400
654.641    32326.4
652.973    32129.8
651.305    32030.8
649.637    31886.8
647.968    32313.7
646.299    32037.9
644.63    31873.1
642.96    32196.4
641.29    32054
639.62    32440
637.949    32020.8
636.278    32237.6
634.607    32111.8
632.935    32080.3
631.264    32120.5
629.591    31894.6
627.919    32064.9
626.246    31570.1
624.573    31753.8
622.899    31571.5
621.225    31410.1
619.551    31404.1
617.877    31072.6
616.202    30709.9
614.527    30705.5
612.851    30325.1
611.176    30180.6
609.5    30028.7
607.823    29952.8
606.147    29884.5
604.47    29507.6
602.792    29549.6
601.114    29555.9
599.437    29682.8
597.758    29718.9
596.08    29330.4
594.401    28969
592.721    29103.4
591.042    29100.8
589.362    29141.3
587.682    28987
586.001    29149.5
584.32    28825.6
582.639    29006
580.957    29046.5
579.276    28824
577.593    29109.7
575.911    29016.5
574.228    29040.7
572.545    28886.6
570.861    29042.9
569.178    28822
567.494    29030.3
565.809    28963.9
564.124    29264
562.439    29095.2
560.754    29334.4
559.068    29184.9
557.382    29127.4
555.696    29198.9
554.009    28864.3
552.322    29129.9
550.635    29177.7
548.947    29298
547.259    29477.5
545.571    29569.6
543.882    29660.2
542.193    29457.6
540.504    29489
538.814    29853.2
537.125    29763.2
535.434    29473.5
533.744    29457.5
532.053    29474
530.362    29364.9
528.67    29051.8
526.978    28821.7
525.286    28757
523.593    28395.5
521.901    28133.1
520.207    28365.4
518.514    27971.7
516.82    27835
515.126    27786.9
513.431    27876
511.737    27792.4
510.042    27598.3
508.346    27492.7
506.65    27716
504.954    27642.8
503.258    27566.8
501.561    27593.9
499.864    27510.5
498.167    27793.9
496.469    27865.2
494.771    27683.1
493.072    27626.3
491.374    27696
489.675    27548
487.975    27311.7
486.276    26978.5
484.576    26971.8
482.875    26959.3
481.175    26843.8
479.474    26990.1
477.772    26535.2
476.071    26750.5
474.369    26895.2
472.666    26697.6
470.964    26827.6
469.261    26515.6
467.557    26871.5
465.854    26339.5
464.15    26633.8
462.446    26411.6
460.741    26422.6
459.036    26504
457.331    26383.1
455.625    26398.5
453.919    25756
452.213    26017.7
450.507    25875
448.8    25609.3
447.092    25737.6
445.385    25805.9
443.677    25710.1
441.969    25523.7
440.26    25305.1
438.551    25326.6
436.842    25220.8
435.133    25315.4
433.423    25129.2
431.713    25279.3
430.002    25370.9
428.291    25257.9
426.58    25453.2
424.868    25252.5
423.157    25252
421.444    25461.8
419.732    25300.7
418.019    25396.5
416.306    25644.1
414.592    25554.5
412.879    25686.7
411.164    25977.8
409.45    26071.9
407.735    25903.6
406.02    26142
404.305    25960.7
402.589    25973.1
400.873    25711.7
399.156    26082.5
397.439    25894
395.722    25643
394.005    25905.9
392.287    25583.6
390.569    25778
388.85    25576.6
387.131    25746.2
385.412    25713.6
383.693    25683.9
381.973    25599
380.253    25642
378.533    25567.3
376.812    25781.8
375.091    25778.2
373.369    25825.5
371.647    25827.8
369.925    25950.6
368.203    25967.3
366.48    26168.4
364.757    26404.1
363.033    25965.3
361.31    26147.4
359.586    26325
357.861    26157.6
356.136    26045.2
354.411    26248.9
352.686    25909.1
350.96    26067.8
349.234    25986
347.507    26027.3
345.781    25783.4
344.053    25944.8
342.326    25838.5
340.598    25913.1
338.87    25613
337.142    25882.8
335.413    25802.6
333.684    26005.8
331.954    25948.7
330.224    26125.8
328.494    25843.3
326.764    26052.1
325.033    25798.6
323.302    25686.8
321.57    25755.4
319.839    25577.2
318.106    25543.4
316.374    24889.1
314.641    24904.4
312.908    24328.4
311.174    24127.6
309.441    23870.6
307.706    23744.8
305.972    23254.5
304.237    23182.3
302.502    22912.7
300.766    22748.3
299.031    22536.5
297.294    22471.7
295.558    22121.8
293.821    21888.6
292.084    22039.8
290.346    21789.5
288.608    21562.3
286.87    21484.8
285.132    21142.7
283.393    21158.7
281.653    21022.3
279.914    20761
278.174    20788.6
276.434    20656.7
274.693    20411.4
272.952    20375.8
271.211    19990
269.469    20148.3
267.728    19962.1
265.985    19946.7
264.243    19743.4
262.5    19924.6
260.756    19556.5
259.013    19436.6
257.269    19346.8
255.525    19358.8
253.78    19327.8
252.035    19485.9
250.29    19290.2
248.544    19217.7
246.798    19241.2
245.052    19178.8
243.305    19431.2
241.558    19136.9
239.811    19440.8
238.063    19192.4
236.315    19092.9
234.567    19149.2
232.818    19069.7
231.069    18874.5
229.319    18955.1
227.57    18684.3
225.82    18492.1
224.069    18617
222.318    18454.9
220.567    18517
218.816    18433.4
217.064    18210.1
215.312    18146.6
213.559    18232.9
211.807    18034
210.054    18096
208.3    17881.5
206.546    17815.3
204.792    17435.6
203.038    17519.1
201.283    17276.4
199.527    17039.4
197.772    16927.9
196.016    16787.9
194.26    16640.8
192.503    16636.2
190.746    16305.6
188.989    16214.3
187.232    15928
185.474    15760
183.715    15855
181.957    15748.1
180.198    15509.1
178.438    15716.4
176.679    15346.8
174.919    15412
173.158    15222.9
171.398    15258.3
169.637    15036.7
167.875    14801
166.114    14464.6
164.352    14250.4
162.589    13895.8
160.826    13551.3
159.063    13222.5
157.3    12898.1
155.536    12721.3
153.772    12265.3
152.008    12033.4
150.243    11872.4




